﻿int,Y0,c,weaned
0--2,927,2,77
2--3,848,3,71
3--5,774,6,119
5--7,649,9,75
7--11,565,7,109
11--17,449,5,148
17--25,296,3,107
25--37,186,0,74
37--53,112,0,85
53--,27,0,27
